{
    "author": "Fred Yu, Pieter Vermeesch",
    "title": "AFM",
    "type": "xyz",
    "log": "false",
    "axis": ["F(FeOT)","A(K2O+Na2O)","M(MgO)"],
    "reference": "Maitre, R. W. L., Streckeisen, A., Zanettin, B., Bas, M. J. L., Bonin, B., and Bateman, P., 2004, Igneous Rocks: A Classification and Glossary of Terms: Cambridge University Press, v. -1, no. 70, p. 93–120.",
    "lines": {
	"line": [
	    [35.0,60.0,5.0],
	    [37.9,55.0,7.1],
	    [40.8,50.0,9.2],
	    [43.8,45.0,11.2],
	    [46.7,40.0,13.3],
	    [49.6,35.0,15.4],
	    [52.5,30.0,17.5],
	    [54.1,26.4,19.5],
	    [54.5,23.0,22.5],
	    [53.5,20.5,26.0],
	    [51.0,19.1,29.9],
	    [46.9,18.1,35.0],
	    [42.8,17.1,40.1],
	    [38.6,16.2,45.2],
	    [34.5,15.2,50.3]
	]
    },
    "polygons": {
	"TH": [
	    [35.0,60.0,5.0],
	    [37.9,55.0,7.1],
	    [40.8,50.0,9.2],
	    [43.8,45.0,11.2],
	    [46.7,40.0,13.3],
	    [49.6,35.0,15.4],
	    [52.5,30.0,17.5],
	    [54.1,26.4,19.5],
	    [54.5,23.0,22.5],
	    [53.5,20.5,26.0],
	    [51.0,19.1,29.9],
	    [46.9,18.1,35.0],
	    [42.8,17.1,40.1],
	    [38.6,16.2,45.2],
	    [34.5,15.2,50.3],
	    [0,0,1],
	    [1,0,0],
	    [0,1,0]
	],
	"CA": [
	    [35.0,60.0,5.0],
	    [37.9,55.0,7.1],
	    [40.8,50.0,9.2],
	    [43.8,45.0,11.2],
	    [46.7,40.0,13.3],
	    [49.6,35.0,15.4],
	    [52.5,30.0,17.5],
	    [54.1,26.4,19.5],
	    [54.5,23.0,22.5],
	    [53.5,20.5,26.0],
	    [51.0,19.1,29.9],
	    [46.9,18.1,35.0],
	    [42.8,17.1,40.1],
	    [38.6,16.2,45.2],
	    [34.5,15.2,50.3],
	    [0,0,1],
	    [0,1,0]
	]
    },
    "line_type": {
	"line":"solid"
    },
    "labels": {
	"TH" : "tholeiitic",
	"CA" : "calc-alkaline"
    },
    "label_coords": {
	"TH" : [70,10,10],
	"CA" : [30,35,35]
    },
    "angle": {
	"TH" : 0,
	"CA" : 0 
    }
    
}

