{
    "type": "xyz",
    "log": "false",
    "axis":["Nb","Zr","Y"],
    "reference": "Meschede, M., 1986. A method of discriminating between different types of mid-ocean ridge basalts and continental tholeiites with the Nb-Zr-Y diagram. Chemical geology, 56(3-4), pp.207-218.",
    "comment": "The plot coordinates are provided as 2xNb, Zr/4 and Y",
    "lines": {
	"solid": [
	    [22.00,37.00,41.00],
	    [24.00,33.50,42.50],
	    [22.00,20.50,57.50],
	    [0.00,23.00,77.00],
	    [0.00,50.00,50.00],
	    [3.00,53.00,44.00],
	    [22.00,37.00,41.00],
	    [3.00,53.00,44.00],
	    [12.00,60.00,28.00],
	    [34.00,52.50,13.50],
	    [79.00,14.00,7.00],
	    [56.50,16.55,26.95],
	    [50.00,17.30,32.70],
	    [22.00,20.50,57.50],
	    [24.00,33.50,42.50],
	    [22.00,37.00,41.00],
	    [31.00,36.00,33.00],
	    [35.00,37.50,27.50],
	    [12.00,60.00,28.00],
	    [35.00,37.50,27.50],
	    [50.00,17.30,32.70]
	],
	"dashed": [
	    [56.50,16.55,26.95],
	    [50.00,33.00,17.00],
	    [12.00,60.00,28.00]
	]
    },
    "line_type": {
	"solid":"solid",
	"dashed":"dashed"
    },
    "polygons": {
	"A1":[
	    [79.00,14.00,7.00],
	    [56.50,16.55,26.95],
	    [50.00,33.00,17.00],
	    [12.00,60.00,28.00],
	    [34.00,52.50,13.50]
	],
	"A2": [
	    [56.50,16.55,26.95],
	    [50.00,33.00,17.00],
	    [12.00,60.00,28.00],
	    [35.00,37.50,27.50],
	    [50.00,17.30,32.70]	    
	],
	"B": [
	    [50.00,17.30,32.70],
	    [22.00,20.50,57.50],
	    [24.00,33.50,42.50],
	    [22.00,37.00,41.00],
	    [31.00,36.00,33.00],
	    [35.00,37.50,27.50]
	],
	"C": [
	    [35.00,37.50,27.50],
	    [31.00,36.00,33.00],
	    [22.00,37.00,41.00],
	    [3.00,53.00,44.00],
	    [12.00,60.00,28.00]
	],
	"D": [
	    [0.00,23.00,77.00],
	    [22.00,20.50,57.50],
	    [24.00,33.50,42.50],
	    [22.00,37.00,41.00],
	    [3.00,53.00,44.00],	    
	    [0.00,50.00,50.00]
	]
    },
    "labels": {
	"A1": "Within-plate alkali basalt or tholeiite",
	"A2": "Within-plate tholeiite or alkali basalt",
	"B": "P-type mid ocean ridge basalt",
	"C": "Volcanic arc basalt or within plate tholeiite",
	"D": "N-type mid ocean ridge basalt or volcanic arc basalt"
    },
    "label_coords": {
	"A1": [60,25,15],
	"A2": [45,30,25],
	"B": [35,27.5,37.5],
	"C": [15,50,35],
	"D": [10,35,55] 
    },
    "angle": {
	"A1": 0,
	"A2": 0,
	"B": 0,
	"C": 0,
	"D": 0
    }
}
