{
    "type": "xyz",
    "log": "false",
    "axis":["Hf","Th","Ta"],
    "reference": "Wood, D.A., 1980. The application of a Th-Hf-Ta diagram to problems of tectonomagmatic classification and to establishing the nature of crustal contamination of basaltic lavas of the British Tertiary Volcanic Province. Earth and Planetary Science Letters, 50(1), pp.11-30.",
    "comment": "The plot coordinates are provided as Hf/3, Th and Ta",
    "lines": {
	"pooled": [
	    [77.0,15.0,8.0],
	    [87.5,3.0,9.5],
	    [65.5,7.0,27.5],
	    [55.0,5.0,40.0],
	    [42.0,13.0,45.0],
	    [33.0,27.0,40.0],
	    [20.0,32.0,48.0],
	    [12.0,41.0,47.0],
	    [7.5,63.5,29.0],
	    [19.5,57.5,23.0],
	    [33.0,27.0,40.0],
	    [19.5,57.5,23.0],
	    [24.5,55.0,20.5],
	    [46.0,35.5,18.5],
	    [65.5,7.0,27.5],
	    [46.0,35.5,18.5],
	    [68.0,22.0,10.0],
	    [77.0,15.0,8.0],
	    [85.0,15.0,0.0],
	    [50.0,50.0,0.0],
	    [42.0,42.0,16.0],
	    [50.0,50.0,0.0],
	    [0.0,100.0,0.0],
	    [0.0,95.0,5.0],
	    [24.5,56.5,19.0],
	    [42.0,42.0,16.0],
	    [68.0,22.0,10.0]
	]
    },
    "line_type": {
	"pooled":"solid"
    },
    "polygons": {
	"PAT":[
	    [50.0,50.0,0.0],
	    [42.0,42.0,16.0],
	    [68.0,22.0,10.0],
	    [77.0,15.0,8.0],
	    [85.0,15.0,0.0]
	],
	"CAB": [
	    [50.0,50.0,0.0],
	    [42.0,42.0,16.0],
	    [24.5,56.5,19.0],
	    [0.0,95.0,5.0],
	    [0.0,100.0,0.0]
	],
	"N-MORB": [
	    [77.0,15.0,8.0],
	    [87.5,3.0,9.5],
	    [65.5,7.0,27.5],
	    [46.0,35.5,18.5],
	    [68.0,22.0,10.0]	    
	],
	"E-MORB": [
	    [65.5,7.0,27.5],
	    [46.0,35.5,18.5],
	    [24.5,55.0,20.5],
	    [19.5,57.5,23.0],
	    [33.0,27.0,40.0],
	    [42.0,13.0,45.0],
	    [55.0,5.0,40.0]
	],
	"AWB": [
	    [33.0,27.0,40.0],
	    [19.5,57.5,23.0],
	    [7.5,63.5,29.0],
	    [12.0,41.0,47.0],
	    [20.0,32.0,48.0]
	]
    },
    "labels": {
	"PAT": "primitive arc tholeiites",
	"CAB": "calc-alkali basalts",
	"N-MORB": "N-MORB",
	"E-MORB": "E-MORB, tholeiitic within-plate basalts",
	"AWB": "alkaline within-plate basalts"
    },
    "label_coords": {
	"PAT": [65,31,4],
	"CAB": [25,71,4],
	"N-MORB": [70,13,17],
	"E-MORB": [40,30,30],
	"AWB": [20,52.5,37.5]
    },
    "angle": {
	"PAT": 60,
	"CAB": 60,
	"N-MORB": 0,
	"E-MORB": 0,
	"AWB": 0
    }
}
